{
    "StaticFriction": 0.019999999552965164,
    "DynamicFriction": 0.019999999552965164,
    "Bounciness": 2.0
}