{
    "StaticFriction": 0.800000011920929,
    "DynamicFriction": 1.0399999618530273,
    "Bounciness": 0.2800000011920929
}